Row:February 3,
	January 28,
	January 30,
Row:2018
	2017
	2016
Row:$ 8,590,472 	$ 7,921,981 	$ 7,270,965
Row:6,101,412 	5,556,198 	5,088,078
Row:2,489,060 	2,365,783 	2,182,887
Row:1,982,363 	1,875,643 	1,613,075
Row:29,123 	40,286 	34,620
Row:477,574 	449,854 	535,192
Row:8,047 	5,856 	4,012
Row:(31,810) 	(14,424) 	305
Row:501,337 	458,422 	530,875
Row:177,892 	171,026 	200,484
Row:$ 323,445 	$ 287,396 	$ 330,391
Row:$ 3.02 	$ 2.59 	$ 2.87
Row:$ 3.01 	$ 2.56 	$ 2.83
Row:Net sales Row:Cost of goods sold, including occupancy and distribution costs Row:GROSS PROFIT Row:Selling, general and administrative expenses Row:Pre-opening expenses Row:INCOME FROM OPERATIONS Row:Interest expense Row:Other (income) expense Row:INCOME BEFORE INCOME TAXES Row:Provision for income taxes Row:NET INCOME Row:EARNINGS PER COMMON SHARE:
Row:Basic Row:Diluted Row:WEIGHTED AVERAGE COMMON SHARES OUTSTANDING:
Row:Basic Row:Diluted Row:See accompanying notes to consolidated financial statements.
Row:$ 	3.02 $ 	2.59 $ 	2.87
Row:$ 	3.01 $ 	2.56 $ 	2.83
Row:106,977 	111,095 	115,230
Row:107,586 	112,216 	116,794
Row:	February 3,
2018
	January 28,
2017
Row:$ 	101,253 	$ 164,777
Row:	60,107 4,433 1,711,103 129,189 	75,199
2,307
1,638,632
114,763
Row:	2,006,085 	1,995,678
Row:	1,677,340 136,587 250,476 13,639 119,812 	1,522,574
140,835
245,059
45,927
108,223
Row:	133,451 	154,150
Row:$ 	4,203,939 	$ 4,058,296
Row:	13,639 119,812 	45,927
108,223
Row:	133,451 	154,150
Row:$ 	4,203,939 $ 	4,058,296
Row:$ 	843,075 	$ 	755,537
Row:	354,181 212,080 10,476 5,202 		384,210
203,788
53,234
646
Row:	1,425,014 		1,397,415
Row:	60,084 10,232 767,108 		4,679
—
726,713
Row:	837,424 		731,392
Row:	783 247 	856
247
Row:	1,177,778 2,205,651 (78) (1,442,880) 	1,130,830
1,956,066
(132)
(1,158,378)
Row:	1,941,501 	1,929,489
Row:$ 	4,203,939 $ 	4,058,296
Row:February 3,
	January 28,
	January 30,
Row:2018
	2017
	2016
Row:$ 323,445 	$ 287,396 	$ 330,391
Row:237,651 	233,834 	193,594
Row:42,453 	(45,036) 	9,243
Row:36,239 	33,602 	29,288
Row:5,327 	721 	626
Row:(208) 	(4,125) 	(6,412)
Row:(71,751) 	(84,733) 	(136,420)
Row:(29,072) 	(2,282) 	(21,266)
Row:124,628 	59,870 	34,232
Row:13,597 	64,469 	5,190
Row:(39,347) 	26,034 	7,158
Row:101,712 	179,864 	165,616
Row:1,636 	19,380 	39,100
Row:746,310 	768,994 	650,340
Row:(474,347) 	(421,920) 	(370,028)
Row:(8,957) 	(118,769) 	—
Row:(2,344) 	(9,635) 	(2,406)
Row:(485,648) 	(550,324) 	(372,434)
Row:2,742,800 	2,159,600 	1,338,100
Row:(2,742,800) 	(2,159,600) 	(1,338,100)
Row:62,492 	— 	—
Row:(2,531) 	(588) 	(537)
Row:— 	— 	—
Row:16,558 	31,089 	20,617
Row:(5,841) 	(7,060) 	(7,753)
Row:(284,583) 	(145,738) 	(357,276)
Row:(73,099) 	(67,972) 	(64,715)
Row:(37,236) 	17,393 	29,121
Row:(324,240) 	(172,876) 	(380,543)
Row:54 	47 	(106)
Row:(63,524) 	45,841 	(102,743)
Row:164,777 	118,936 	221,679
Row:$ 101,253 	$ 164,777 	$ 118,936
Row:$ 29,834 	$ 70,129 	$ 43,481
Row:$ 8,598 	$ 4,983 	$ 3,308
Row:$ 185,798 	$ 196,712 	$ 186,741
